0.000000000000000000e+00 0.000000000000000000e+00 0.000000000000000000e+00 0.000000000000000000e+00 0.000000000000000000e+00 0.000000000000000000e+00 0.000000000000000000e+00 1.000000000000000000e+00 0.000000000000000000e+00
2.500000000000000000e+00 1.227013402192202347e-02 0.000000000000000000e+00 0.000000000000000000e+00 0.000000000000000000e+00 0.000000000000000000e+00 0.000000000000000000e+00 9.877298659780779921e-01 0.000000000000000000e+00
5.000000000000000000e+00 4.551707647940008566e-02 0.000000000000000000e+00 0.000000000000000000e+00 0.000000000000000000e+00 0.000000000000000000e+00 0.000000000000000000e+00 9.544829235206002682e-01 0.000000000000000000e+00
7.500000000000000000e+00 9.094529686631123988e-02 0.000000000000000000e+00 0.000000000000000000e+00 0.000000000000000000e+00 0.000000000000000000e+00 0.000000000000000000e+00 9.090547031336888573e-01 0.000000000000000000e+00
1.000000000000000000e+01 1.381196280434021650e-01 0.000000000000000000e+00 0.000000000000000000e+00 0.000000000000000000e+00 0.000000000000000000e+00 0.000000000000000000e+00 8.618803719565961696e-01 0.000000000000000000e+00
1.250000000000000000e+01 1.789454770109086823e-01 0.000000000000000000e+00 0.000000000000000000e+00 0.000000000000000000e+00 0.000000000000000000e+00 0.000000000000000000e+00 8.210545229890885421e-01 0.000000000000000000e+00
1.500000000000000000e+01 2.104462652316247129e-01 0.000000000000000000e+00 0.000000000000000000e+00 0.000000000000000000e+00 0.000000000000000000e+00 0.000000000000000000e+00 7.895537347683722063e-01 0.000000000000000000e+00
1.750000000000000000e+01 2.346531803302789598e-01 0.000000000000000000e+00 0.000000000000000000e+00 0.000000000000000000e+00 0.000000000000000000e+00 0.000000000000000000e+00 7.653468196697167381e-01 0.000000000000000000e+00
2.000000000000000000e+01 2.564268612674124870e-01 0.000000000000000000e+00 0.000000000000000000e+00 0.000000000000000000e+00 0.000000000000000000e+00 0.000000000000000000e+00 7.435731387325846820e-01 0.000000000000000000e+00
2.250000000000000000e+01 2.802292439467748975e-01 0.000000000000000000e+00 0.000000000000000000e+00 0.000000000000000000e+00 0.000000000000000000e+00 0.000000000000000000e+00 7.197707560532226045e-01 0.000000000000000000e+00
2.500000000000000000e+01 3.078323134434414188e-01 0.000000000000000000e+00 0.000000000000000000e+00 0.000000000000000000e+00 0.000000000000000000e+00 0.000000000000000000e+00 6.921676865565561387e-01 0.000000000000000000e+00
2.750000000000000000e+01 3.378474658826022825e-01 0.000000000000000000e+00 0.000000000000000000e+00 0.000000000000000000e+00 0.000000000000000000e+00 0.000000000000000000e+00 6.621525341173947199e-01 0.000000000000000000e+00
3.000000000000000000e+01 3.671005593931693789e-01 0.000000000000000000e+00 0.000000000000000000e+00 0.000000000000000000e+00 0.000000000000000000e+00 0.000000000000000000e+00 6.328994406068270129e-01 0.000000000000000000e+00
3.250000000000000000e+01 3.928110602261934980e-01 0.000000000000000000e+00 0.000000000000000000e+00 0.000000000000000000e+00 0.000000000000000000e+00 0.000000000000000000e+00 6.071889397738038374e-01 0.000000000000000000e+00
3.500000000000000000e+01 4.141790055446609720e-01 0.000000000000000000e+00 0.000000000000000000e+00 0.000000000000000000e+00 0.000000000000000000e+00 0.000000000000000000e+00 5.858209944553376403e-01 0.000000000000000000e+00
3.750000000000000000e+01 4.326387793164342965e-01 0.000000000000000000e+00 0.000000000000000000e+00 0.000000000000000000e+00 0.000000000000000000e+00 0.000000000000000000e+00 5.673612206835658700e-01 0.000000000000000000e+00
4.000000000000000000e+01 4.506920738572345875e-01 0.000000000000000000e+00 0.000000000000000000e+00 0.000000000000000000e+00 0.000000000000000000e+00 0.000000000000000000e+00 5.493079261427661342e-01 0.000000000000000000e+00
4.250000000000000000e+01 4.703033029103779183e-01 0.000000000000000000e+00 0.000000000000000000e+00 0.000000000000000000e+00 0.000000000000000000e+00 0.000000000000000000e+00 5.296966970896230809e-01 0.000000000000000000e+00
4.500000000000000000e+01 4.917506788582518551e-01 0.000000000000000000e+00 0.000000000000000000e+00 0.000000000000000000e+00 0.000000000000000000e+00 0.000000000000000000e+00 5.082493211417481449e-01 0.000000000000000000e+00
4.750000000000000000e+01 5.136732540294594029e-01 0.000000000000000000e+00 0.000000000000000000e+00 0.000000000000000000e+00 0.000000000000000000e+00 0.000000000000000000e+00 4.863267459705382656e-01 0.000000000000000000e+00
5.000000000000000000e+01 5.340876903840444667e-01 0.000000000000000000e+00 0.000000000000000000e+00 0.000000000000000000e+00 0.000000000000000000e+00 0.000000000000000000e+00 4.659123096159534794e-01 0.000000000000000000e+00
5.250000000000000000e+01 5.517018825019718298e-01 0.000000000000000000e+00 0.000000000000000000e+00 0.000000000000000000e+00 0.000000000000000000e+00 0.000000000000000000e+00 4.482981174980276151e-01 0.000000000000000000e+00
5.500000000000000000e+01 5.666787012362968223e-01 0.000000000000000000e+00 0.000000000000000000e+00 0.000000000000000000e+00 0.000000000000000000e+00 0.000000000000000000e+00 4.333212987637013458e-01 0.000000000000000000e+00
5.750000000000000000e+01 5.804109538767818766e-01 0.000000000000000000e+00 0.000000000000000000e+00 0.000000000000000000e+00 0.000000000000000000e+00 0.000000000000000000e+00 4.195890461232157920e-01 0.000000000000000000e+00
6.000000000000000000e+01 5.945741701643278976e-01 0.000000000000000000e+00 0.000000000000000000e+00 0.000000000000000000e+00 0.000000000000000000e+00 0.000000000000000000e+00 4.054258298356698820e-01 0.000000000000000000e+00
6.250000000000000000e+01 6.100454567765356551e-01 0.000000000000000000e+00 0.000000000000000000e+00 0.000000000000000000e+00 0.000000000000000000e+00 0.000000000000000000e+00 3.899545432234612363e-01 0.000000000000000000e+00
6.500000000000000000e+01 6.264445099182278653e-01 0.000000000000000000e+00 0.000000000000000000e+00 0.000000000000000000e+00 0.000000000000000000e+00 0.000000000000000000e+00 3.735554900817703583e-01 0.000000000000000000e+00
6.750000000000000000e+01 6.424641875383302336e-01 0.000000000000000000e+00 0.000000000000000000e+00 0.000000000000000000e+00 0.000000000000000000e+00 0.000000000000000000e+00 3.575358124616666022e-01 0.000000000000000000e+00
7.000000000000000000e+01 6.567922718441283614e-01 0.000000000000000000e+00 0.000000000000000000e+00 0.000000000000000000e+00 0.000000000000000000e+00 0.000000000000000000e+00 3.432077281558684745e-01 0.000000000000000000e+00
7.250000000000000000e+01 6.689484590720635726e-01 0.000000000000000000e+00 0.000000000000000000e+00 0.000000000000000000e+00 0.000000000000000000e+00 0.000000000000000000e+00 3.310515409279339849e-01 0.000000000000000000e+00
7.500000000000000000e+01 6.795511913454193031e-01 0.000000000000000000e+00 0.000000000000000000e+00 0.000000000000000000e+00 0.000000000000000000e+00 0.000000000000000000e+00 3.204488086545775882e-01 0.000000000000000000e+00
7.750000000000000000e+01 6.898663645495625163e-01 0.000000000000000000e+00 0.000000000000000000e+00 0.000000000000000000e+00 0.000000000000000000e+00 0.000000000000000000e+00 3.101336354504356518e-01 0.000000000000000000e+00
8.000000000000000000e+01 7.009653425204368515e-01 0.000000000000000000e+00 0.000000000000000000e+00 0.000000000000000000e+00 0.000000000000000000e+00 0.000000000000000000e+00 2.990346574795602064e-01 0.000000000000000000e+00
8.250000000000000000e+01 7.130732003230668692e-01 0.000000000000000000e+00 0.000000000000000000e+00 0.000000000000000000e+00 0.000000000000000000e+00 0.000000000000000000e+00 2.869267996769305773e-01 0.000000000000000000e+00
8.500000000000000000e+01 7.254722124298933483e-01 0.000000000000000000e+00 0.000000000000000000e+00 0.000000000000000000e+00 0.000000000000000000e+00 0.000000000000000000e+00 2.745277875701042092e-01 0.000000000000000000e+00
8.750000000000000000e+01 7.370382658545207022e-01 0.000000000000000000e+00 0.000000000000000000e+00 0.000000000000000000e+00 0.000000000000000000e+00 0.000000000000000000e+00 2.629617341454740242e-01 0.000000000000000000e+00
9.000000000000000000e+01 7.469803677349582394e-01 0.000000000000000000e+00 0.000000000000000000e+00 0.000000000000000000e+00 0.000000000000000000e+00 0.000000000000000000e+00 2.530196322650374863e-01 0.000000000000000000e+00
9.250000000000000000e+01 7.553514069622209171e-01 0.000000000000000000e+00 0.000000000000000000e+00 0.000000000000000000e+00 0.000000000000000000e+00 0.000000000000000000e+00 2.446485930377752804e-01 0.000000000000000000e+00
9.500000000000000000e+01 7.629714882566496215e-01 0.000000000000000000e+00 0.000000000000000000e+00 0.000000000000000000e+00 0.000000000000000000e+00 0.000000000000000000e+00 2.370285117433467981e-01 0.000000000000000000e+00
9.750000000000000000e+01 7.708759798113592465e-01 0.000000000000000000e+00 0.000000000000000000e+00 0.000000000000000000e+00 0.000000000000000000e+00 0.000000000000000000e+00 2.291240201886365901e-01 0.000000000000000000e+00
1.000000000000000000e+02 7.796466650066743442e-01 0.000000000000000000e+00 0.000000000000000000e+00 0.000000000000000000e+00 0.000000000000000000e+00 0.000000000000000000e+00 2.203533349933211594e-01 0.000000000000000000e+00
1.025000000000000000e+02 7.890638435990410260e-01 0.000000000000000000e+00 0.000000000000000000e+00 0.000000000000000000e+00 0.000000000000000000e+00 0.000000000000000000e+00 2.109361564009552270e-01 0.000000000000000000e+00
1.050000000000000000e+02 7.982993788357038989e-01 0.000000000000000000e+00 0.000000000000000000e+00 0.000000000000000000e+00 0.000000000000000000e+00 0.000000000000000000e+00 2.017006211642918267e-01 0.000000000000000000e+00
1.075000000000000000e+02 8.064768966488394808e-01 0.000000000000000000e+00 0.000000000000000000e+00 0.000000000000000000e+00 0.000000000000000000e+00 0.000000000000000000e+00 1.935231033511584930e-01 0.000000000000000000e+00
1.100000000000000000e+02 8.132571913641233330e-01 0.000000000000000000e+00 0.000000000000000000e+00 0.000000000000000000e+00 0.000000000000000000e+00 0.000000000000000000e+00 1.867428086358735029e-01 0.000000000000000000e+00
1.125000000000000000e+02 8.190306882426988677e-01 0.000000000000000000e+00 0.000000000000000000e+00 0.000000000000000000e+00 0.000000000000000000e+00 0.000000000000000000e+00 1.809693117572991894e-01 0.000000000000000000e+00
1.150000000000000000e+02 8.246510976644291224e-01 0.000000000000000000e+00 0.000000000000000000e+00 0.000000000000000000e+00 0.000000000000000000e+00 0.000000000000000000e+00 1.753489023355693233e-01 0.000000000000000000e+00
1.175000000000000000e+02 8.308632868258919446e-01 0.000000000000000000e+00 0.000000000000000000e+00 0.000000000000000000e+00 0.000000000000000000e+00 0.000000000000000000e+00 1.691367131741058349e-01 0.000000000000000000e+00
1.200000000000000000e+02 8.378372136668844616e-01 0.000000000000000000e+00 0.000000000000000000e+00 0.000000000000000000e+00 0.000000000000000000e+00 0.000000000000000000e+00 1.621627863331132069e-01 0.000000000000000000e+00
1.225000000000000000e+02 8.450846092728555581e-01 0.000000000000000000e+00 0.000000000000000000e+00 0.000000000000000000e+00 0.000000000000000000e+00 0.000000000000000000e+00 1.549153907271419994e-01 0.000000000000000000e+00
1.250000000000000000e+02 8.518050808540821306e-01 0.000000000000000000e+00 0.000000000000000000e+00 0.000000000000000000e+00 0.000000000000000000e+00 0.000000000000000000e+00 1.481949191459142889e-01 0.000000000000000000e+00
1.275000000000000000e+02 8.574263118387118743e-01 0.000000000000000000e+00 0.000000000000000000e+00 0.000000000000000000e+00 0.000000000000000000e+00 0.000000000000000000e+00 1.425736881612856000e-01 0.000000000000000000e+00
1.300000000000000000e+02 8.619655648136304027e-01 0.000000000000000000e+00 0.000000000000000000e+00 0.000000000000000000e+00 0.000000000000000000e+00 0.000000000000000000e+00 1.380344351863680985e-01 0.000000000000000000e+00
1.325000000000000000e+02 8.660106619924279325e-01 0.000000000000000000e+00 0.000000000000000000e+00 0.000000000000000000e+00 0.000000000000000000e+00 0.000000000000000000e+00 1.339893380075706242e-01 0.000000000000000000e+00
1.350000000000000000e+02 8.703147065265849358e-01 0.000000000000000000e+00 0.000000000000000000e+00 0.000000000000000000e+00 0.000000000000000000e+00 0.000000000000000000e+00 1.296852934734133989e-01 0.000000000000000000e+00
1.375000000000000000e+02 8.753148492011695314e-01 0.000000000000000000e+00 0.000000000000000000e+00 0.000000000000000000e+00 0.000000000000000000e+00 0.000000000000000000e+00 1.246851507988286645e-01 0.000000000000000000e+00
1.400000000000000000e+02 8.808566449810589782e-01 0.000000000000000000e+00 0.000000000000000000e+00 0.000000000000000000e+00 0.000000000000000000e+00 0.000000000000000000e+00 1.191433550189416324e-01 0.000000000000000000e+00
1.425000000000000000e+02 8.863238634577337294e-01 0.000000000000000000e+00 0.000000000000000000e+00 0.000000000000000000e+00 0.000000000000000000e+00 0.000000000000000000e+00 1.136761365422668396e-01 0.000000000000000000e+00
1.450000000000000000e+02 8.910556897929465814e-01 0.000000000000000000e+00 0.000000000000000000e+00 0.000000000000000000e+00 0.000000000000000000e+00 0.000000000000000000e+00 1.089443102070535296e-01 0.000000000000000000e+00
1.475000000000000000e+02 8.947819929010534246e-01 0.000000000000000000e+00 0.000000000000000000e+00 0.000000000000000000e+00 0.000000000000000000e+00 0.000000000000000000e+00 1.052180070989477412e-01 0.000000000000000000e+00
1.500000000000000000e+02 8.977932768981269351e-01 0.000000000000000000e+00 0.000000000000000000e+00 0.000000000000000000e+00 0.000000000000000000e+00 0.000000000000000000e+00 1.022067231018748412e-01 0.000000000000000000e+00
1.525000000000000000e+02 9.007333822273003721e-01 0.000000000000000000e+00 0.000000000000000000e+00 0.000000000000000000e+00 0.000000000000000000e+00 0.000000000000000000e+00 9.926661777270175124e-02 0.000000000000000000e+00
1.550000000000000000e+02 9.041799674760981897e-01 0.000000000000000000e+00 0.000000000000000000e+00 0.000000000000000000e+00 0.000000000000000000e+00 0.000000000000000000e+00 9.582003252390260128e-02 0.000000000000000000e+00
1.575000000000000000e+02 9.082667134011004340e-01 0.000000000000000000e+00 0.000000000000000000e+00 0.000000000000000000e+00 0.000000000000000000e+00 0.000000000000000000e+00 9.173328659890143955e-02 0.000000000000000000e+00
1.600000000000000000e+02 9.126202844501660749e-01 0.000000000000000000e+00 0.000000000000000000e+00 0.000000000000000000e+00 0.000000000000000000e+00 0.000000000000000000e+00 8.737971554983549327e-02 0.000000000000000000e+00
1.625000000000000000e+02 9.166148309605084421e-01 0.000000000000000000e+00 0.000000000000000000e+00 0.000000000000000000e+00 0.000000000000000000e+00 0.000000000000000000e+00 8.338516903949395875e-02 0.000000000000000000e+00
1.650000000000000000e+02 9.197953956662987540e-01 0.000000000000000000e+00 0.000000000000000000e+00 0.000000000000000000e+00 0.000000000000000000e+00 0.000000000000000000e+00 8.020460433370416031e-02 0.000000000000000000e+00
1.675000000000000000e+02 9.221694255661950779e-01 0.000000000000000000e+00 0.000000000000000000e+00 0.000000000000000000e+00 0.000000000000000000e+00 0.000000000000000000e+00 7.783057443380839158e-02 0.000000000000000000e+00
1.700000000000000000e+02 9.241931300452020936e-01 0.000000000000000000e+00 0.000000000000000000e+00 0.000000000000000000e+00 0.000000000000000000e+00 0.000000000000000000e+00 7.580686995480338808e-02 0.000000000000000000e+00
1.725000000000000000e+02 9.264660463824976322e-01 0.000000000000000000e+00 0.000000000000000000e+00 0.000000000000000000e+00 0.000000000000000000e+00 0.000000000000000000e+00 7.353395361750725279e-02 0.000000000000000000e+00
1.750000000000000000e+02 9.293355573367539924e-01 0.000000000000000000e+00 0.000000000000000000e+00 0.000000000000000000e+00 0.000000000000000000e+00 0.000000000000000000e+00 7.066444266325021262e-02 0.000000000000000000e+00
1.775000000000000000e+02 9.326847334275500945e-01 0.000000000000000000e+00 0.000000000000000000e+00 0.000000000000000000e+00 0.000000000000000000e+00 0.000000000000000000e+00 6.731526657245415213e-02 0.000000000000000000e+00
1.800000000000000000e+02 9.360170502501437007e-01 0.000000000000000000e+00 0.000000000000000000e+00 0.000000000000000000e+00 0.000000000000000000e+00 0.000000000000000000e+00 6.398294974986129535e-02 0.000000000000000000e+00
1.825000000000000000e+02 9.387991536912234647e-01 0.000000000000000000e+00 0.000000000000000000e+00 0.000000000000000000e+00 0.000000000000000000e+00 0.000000000000000000e+00 6.120084630878251664e-02 0.000000000000000000e+00
1.850000000000000000e+02 9.408060781268362538e-01 0.000000000000000000e+00 0.000000000000000000e+00 0.000000000000000000e+00 0.000000000000000000e+00 0.000000000000000000e+00 5.919392187317047693e-02 0.000000000000000000e+00
1.875000000000000000e+02 9.422679414854258084e-01 0.000000000000000000e+00 0.000000000000000000e+00 0.000000000000000000e+00 0.000000000000000000e+00 0.000000000000000000e+00 5.773205851458156068e-02 0.000000000000000000e+00
1.900000000000000000e+02 9.437071270877214202e-01 0.000000000000000000e+00 0.000000000000000000e+00 0.000000000000000000e+00 0.000000000000000000e+00 0.000000000000000000e+00 5.629287291228683016e-02 0.000000000000000000e+00
1.925000000000000000e+02 9.455939079939587044e-01 0.000000000000000000e+00 0.000000000000000000e+00 0.000000000000000000e+00 0.000000000000000000e+00 0.000000000000000000e+00 5.440609200604697854e-02 0.000000000000000000e+00
1.950000000000000000e+02 9.480428874581633414e-01 0.000000000000000000e+00 0.000000000000000000e+00 0.000000000000000000e+00 0.000000000000000000e+00 0.000000000000000000e+00 5.195711254184261219e-02 0.000000000000000000e+00
1.975000000000000000e+02 9.507461167328974394e-01 0.000000000000000000e+00 0.000000000000000000e+00 0.000000000000000000e+00 0.000000000000000000e+00 0.000000000000000000e+00 4.925388326710641862e-02 0.000000000000000000e+00
2.000000000000000000e+02 9.531899744639982242e-01 0.000000000000000000e+00 0.000000000000000000e+00 0.000000000000000000e+00 0.000000000000000000e+00 0.000000000000000000e+00 4.681002553600627919e-02 0.000000000000000000e+00
2.025000000000000000e+02 9.549921890306651839e-01 0.000000000000000000e+00 0.000000000000000000e+00 0.000000000000000000e+00 0.000000000000000000e+00 0.000000000000000000e+00 4.500781096933761938e-02 0.000000000000000000e+00
2.050000000000000000e+02 9.561563115753061171e-01 0.000000000000000000e+00 0.000000000000000000e+00 0.000000000000000000e+00 0.000000000000000000e+00 0.000000000000000000e+00 4.384368842469506949e-02 0.000000000000000000e+00
2.075000000000000000e+02 9.570567937702081363e-01 0.000000000000000000e+00 0.000000000000000000e+00 0.000000000000000000e+00 0.000000000000000000e+00 0.000000000000000000e+00 4.294320622979480584e-02 0.000000000000000000e+00
2.100000000000000000e+02 9.581927196514405942e-01 0.000000000000000000e+00 0.000000000000000000e+00 0.000000000000000000e+00 0.000000000000000000e+00 0.000000000000000000e+00 4.180728034856334013e-02 0.000000000000000000e+00
2.125000000000000000e+02 9.598564180718139882e-01 0.000000000000000000e+00 0.000000000000000000e+00 0.000000000000000000e+00 0.000000000000000000e+00 0.000000000000000000e+00 4.014358192818971716e-02 0.000000000000000000e+00
2.150000000000000000e+02 9.619504208682388979e-01 0.000000000000000000e+00 0.000000000000000000e+00 0.000000000000000000e+00 0.000000000000000000e+00 0.000000000000000000e+00 3.804957913176455070e-02 0.000000000000000000e+00
2.175000000000000000e+02 9.640604305821326436e-01 0.000000000000000000e+00 0.000000000000000000e+00 0.000000000000000000e+00 0.000000000000000000e+00 0.000000000000000000e+00 3.593956941787118664e-02 0.000000000000000000e+00
2.200000000000000000e+02 9.657329959623276450e-01 0.000000000000000000e+00 0.000000000000000000e+00 0.000000000000000000e+00 0.000000000000000000e+00 0.000000000000000000e+00 3.426700403767495712e-02 0.000000000000000000e+00
2.225000000000000000e+02 9.667774191933616867e-01 0.000000000000000000e+00 0.000000000000000000e+00 0.000000000000000000e+00 0.000000000000000000e+00 0.000000000000000000e+00 3.322258080664099861e-02 0.000000000000000000e+00
2.250000000000000000e+02 9.673822723930616263e-01 0.000000000000000000e+00 0.000000000000000000e+00 0.000000000000000000e+00 0.000000000000000000e+00 0.000000000000000000e+00 3.261772760694110762e-02 0.000000000000000000e+00
2.275000000000000000e+02 9.679906963274694798e-01 0.000000000000000000e+00 0.000000000000000000e+00 0.000000000000000000e+00 0.000000000000000000e+00 0.000000000000000000e+00 3.200930367253360109e-02 0.000000000000000000e+00
2.300000000000000000e+02 9.690011986874785821e-01 0.000000000000000000e+00 0.000000000000000000e+00 0.000000000000000000e+00 0.000000000000000000e+00 0.000000000000000000e+00 3.099880131252484225e-02 0.000000000000000000e+00
2.325000000000000000e+02 9.705136379581075223e-01 0.000000000000000000e+00 0.000000000000000000e+00 0.000000000000000000e+00 0.000000000000000000e+00 0.000000000000000000e+00 2.948636204189560017e-02 0.000000000000000000e+00
2.350000000000000000e+02 9.722666951822613868e-01 0.000000000000000000e+00 0.000000000000000000e+00 0.000000000000000000e+00 0.000000000000000000e+00 0.000000000000000000e+00 2.773330481774013284e-02 0.000000000000000000e+00
2.375000000000000000e+02 9.738196344486442779e-01 0.000000000000000000e+00 0.000000000000000000e+00 0.000000000000000000e+00 0.000000000000000000e+00 0.000000000000000000e+00 2.618036555135533003e-02 0.000000000000000000e+00
2.400000000000000000e+02 9.748443182406008045e-01 0.000000000000000000e+00 0.000000000000000000e+00 0.000000000000000000e+00 0.000000000000000000e+00 0.000000000000000000e+00 2.515568175939947998e-02 0.000000000000000000e+00
2.425000000000000000e+02 9.753384992629945405e-01 0.000000000000000000e+00 0.000000000000000000e+00 0.000000000000000000e+00 0.000000000000000000e+00 0.000000000000000000e+00 2.466150073700613260e-02 0.000000000000000000e+00
2.450000000000000000e+02 9.756244446022726002e-01 0.000000000000000000e+00 0.000000000000000000e+00 0.000000000000000000e+00 0.000000000000000000e+00 0.000000000000000000e+00 2.437555539772749691e-02 0.000000000000000000e+00
2.475000000000000000e+02 9.761293285996730518e-01 0.000000000000000000e+00 0.000000000000000000e+00 0.000000000000000000e+00 0.000000000000000000e+00 0.000000000000000000e+00 2.387067140032652496e-02 0.000000000000000000e+00
2.500000000000000000e+02 9.771086712383416639e-01 0.000000000000000000e+00 0.000000000000000000e+00 0.000000000000000000e+00 0.000000000000000000e+00 0.000000000000000000e+00 2.289132876165773239e-02 0.000000000000000000e+00
2.525000000000000000e+02 9.784779610162920305e-01 0.000000000000000000e+00 0.000000000000000000e+00 0.000000000000000000e+00 0.000000000000000000e+00 0.000000000000000000e+00 2.152203898370921853e-02 0.000000000000000000e+00
2.550000000000000000e+02 9.798794946530773320e-01 0.000000000000000000e+00 0.000000000000000000e+00 0.000000000000000000e+00 0.000000000000000000e+00 0.000000000000000000e+00 2.012050534692341394e-02 0.000000000000000000e+00
2.575000000000000000e+02 9.809183604797950817e-01 0.000000000000000000e+00 0.000000000000000000e+00 0.000000000000000000e+00 0.000000000000000000e+00 0.000000000000000000e+00 1.908163952020731566e-02 0.000000000000000000e+00
2.600000000000000000e+02 9.814257406335378242e-01 0.000000000000000000e+00 0.000000000000000000e+00 0.000000000000000000e+00 0.000000000000000000e+00 0.000000000000000000e+00 1.857425936646553422e-02 0.000000000000000000e+00
2.625000000000000000e+02 9.815649122354145328e-01 0.000000000000000000e+00 0.000000000000000000e+00 0.000000000000000000e+00 0.000000000000000000e+00 0.000000000000000000e+00 1.843508776458794435e-02 0.000000000000000000e+00
2.650000000000000000e+02 9.817194114757289425e-01 0.000000000000000000e+00 0.000000000000000000e+00 0.000000000000000000e+00 0.000000000000000000e+00 0.000000000000000000e+00 1.828058852427338898e-02 0.000000000000000000e+00
2.675000000000000000e+02 9.822399442019524862e-01 0.000000000000000000e+00 0.000000000000000000e+00 0.000000000000000000e+00 0.000000000000000000e+00 0.000000000000000000e+00 1.776005579804812440e-02 0.000000000000000000e+00
2.700000000000000000e+02 9.832128018426483651e-01 0.000000000000000000e+00 0.000000000000000000e+00 0.000000000000000000e+00 0.000000000000000000e+00 0.000000000000000000e+00 1.678719815735200613e-02 0.000000000000000000e+00
2.725000000000000000e+02 9.844119083829601102e-01 0.000000000000000000e+00 0.000000000000000000e+00 0.000000000000000000e+00 0.000000000000000000e+00 0.000000000000000000e+00 1.558809161704125847e-02 0.000000000000000000e+00
2.750000000000000000e+02 9.854484286254674430e-01 0.000000000000000000e+00 0.000000000000000000e+00 0.000000000000000000e+00 0.000000000000000000e+00 0.000000000000000000e+00 1.455157137453489888e-02 0.000000000000000000e+00
2.775000000000000000e+02 9.860334567480179002e-01 0.000000000000000000e+00 0.000000000000000000e+00 0.000000000000000000e+00 0.000000000000000000e+00 0.000000000000000000e+00 1.396654325198271214e-02 0.000000000000000000e+00
2.800000000000000000e+02 9.861625673940216386e-01 0.000000000000000000e+00 0.000000000000000000e+00 0.000000000000000000e+00 0.000000000000000000e+00 0.000000000000000000e+00 1.383743260597800236e-02 0.000000000000000000e+00
2.825000000000000000e+02 9.861180408531127206e-01 0.000000000000000000e+00 0.000000000000000000e+00 0.000000000000000000e+00 0.000000000000000000e+00 0.000000000000000000e+00 1.388195914688432862e-02 0.000000000000000000e+00
2.850000000000000000e+02 9.862777042690547002e-01 0.000000000000000000e+00 0.000000000000000000e+00 0.000000000000000000e+00 0.000000000000000000e+00 0.000000000000000000e+00 1.372229573094266471e-02 0.000000000000000000e+00
2.875000000000000000e+02 9.868666631090893260e-01 0.000000000000000000e+00 0.000000000000000000e+00 0.000000000000000000e+00 0.000000000000000000e+00 0.000000000000000000e+00 1.313333689090718376e-02 0.000000000000000000e+00
2.900000000000000000e+02 9.878130780169468439e-01 0.000000000000000000e+00 0.000000000000000000e+00 0.000000000000000000e+00 0.000000000000000000e+00 0.000000000000000000e+00 1.218692198305028340e-02 0.000000000000000000e+00
2.925000000000000000e+02 9.887981344116777427e-01 0.000000000000000000e+00 0.000000000000000000e+00 0.000000000000000000e+00 0.000000000000000000e+00 0.000000000000000000e+00 1.120186558831926839e-02 0.000000000000000000e+00
2.950000000000000000e+02 9.894725595015352315e-01 0.000000000000000000e+00 0.000000000000000000e+00 0.000000000000000000e+00 0.000000000000000000e+00 0.000000000000000000e+00 1.052744049846200854e-02 0.000000000000000000e+00
2.975000000000000000e+02 9.896829724169774467e-01 0.000000000000000000e+00 0.000000000000000000e+00 0.000000000000000000e+00 0.000000000000000000e+00 0.000000000000000000e+00 1.031702758301922436e-02 0.000000000000000000e+00
3.000000000000000000e+02 9.895743017761317040e-01 0.000000000000000000e+00 0.000000000000000000e+00 0.000000000000000000e+00 0.000000000000000000e+00 0.000000000000000000e+00 1.042569822386494281e-02 0.000000000000000000e+00
3.025000000000000000e+02 9.894868302726419484e-01 0.000000000000000000e+00 0.000000000000000000e+00 0.000000000000000000e+00 0.000000000000000000e+00 0.000000000000000000e+00 1.051316972735336433e-02 0.000000000000000000e+00
3.050000000000000000e+02 9.897336814058664833e-01 0.000000000000000000e+00 0.000000000000000000e+00 0.000000000000000000e+00 0.000000000000000000e+00 0.000000000000000000e+00 1.026631859412979915e-02 0.000000000000000000e+00
3.075000000000000000e+02 9.903935658778891815e-01 0.000000000000000000e+00 0.000000000000000000e+00 0.000000000000000000e+00 0.000000000000000000e+00 0.000000000000000000e+00 9.606434122108353443e-03 0.000000000000000000e+00
3.100000000000000000e+02 9.912638313781670929e-01 0.000000000000000000e+00 0.000000000000000000e+00 0.000000000000000000e+00 0.000000000000000000e+00 0.000000000000000000e+00 8.736168621829989295e-03 0.000000000000000000e+00
3.125000000000000000e+02 9.919979394887012969e-01 0.000000000000000000e+00 0.000000000000000000e+00 0.000000000000000000e+00 0.000000000000000000e+00 0.000000000000000000e+00 8.002060511294260478e-03 0.000000000000000000e+00
3.150000000000000000e+02 9.923339355817162311e-01 0.000000000000000000e+00 0.000000000000000000e+00 0.000000000000000000e+00 0.000000000000000000e+00 0.000000000000000000e+00 7.666064418278556100e-03 0.000000000000000000e+00
3.175000000000000000e+02 9.922682783060428058e-01 0.000000000000000000e+00 0.000000000000000000e+00 0.000000000000000000e+00 0.000000000000000000e+00 0.000000000000000000e+00 7.731721693953180936e-03 0.000000000000000000e+00
3.200000000000000000e+02 9.920516774116219239e-01 0.000000000000000000e+00 0.000000000000000000e+00 0.000000000000000000e+00 0.000000000000000000e+00 0.000000000000000000e+00 7.948322588373489539e-03 0.000000000000000000e+00
3.225000000000000000e+02 9.920251129444376259e-01 0.000000000000000000e+00 0.000000000000000000e+00 0.000000000000000000e+00 0.000000000000000000e+00 0.000000000000000000e+00 7.974887055557473500e-03 0.000000000000000000e+00
3.250000000000000000e+02 9.923910920446801232e-01 0.000000000000000000e+00 0.000000000000000000e+00 0.000000000000000000e+00 0.000000000000000000e+00 0.000000000000000000e+00 7.608907955314428082e-03 0.000000000000000000e+00
3.275000000000000000e+02 9.930860217710325566e-01 0.000000000000000000e+00 0.000000000000000000e+00 0.000000000000000000e+00 0.000000000000000000e+00 0.000000000000000000e+00 6.913978228960821967e-03 0.000000000000000000e+00
3.300000000000000000e+02 9.938230465595544461e-01 0.000000000000000000e+00 0.000000000000000000e+00 0.000000000000000000e+00 0.000000000000000000e+00 0.000000000000000000e+00 6.176953440439640272e-03 0.000000000000000000e+00
3.325000000000000000e+02 9.942852084646570665e-01 0.000000000000000000e+00 0.000000000000000000e+00 0.000000000000000000e+00 0.000000000000000000e+00 0.000000000000000000e+00 5.714791535336957370e-03 0.000000000000000000e+00
3.350000000000000000e+02 9.943340441243084804e-01 0.000000000000000000e+00 0.000000000000000000e+00 0.000000000000000000e+00 0.000000000000000000e+00 0.000000000000000000e+00 5.665955875685502706e-03 0.000000000000000000e+00
3.375000000000000000e+02 9.940977376216062478e-01 0.000000000000000000e+00 0.000000000000000000e+00 0.000000000000000000e+00 0.000000000000000000e+00 0.000000000000000000e+00 5.902262378387735341e-03 0.000000000000000000e+00
3.400000000000000000e+02 9.938858186726888810e-01 0.000000000000000000e+00 0.000000000000000000e+00 0.000000000000000000e+00 0.000000000000000000e+00 0.000000000000000000e+00 6.114181327303348269e-03 0.000000000000000000e+00
3.425000000000000000e+02 9.939808043176002750e-01 0.000000000000000000e+00 0.000000000000000000e+00 0.000000000000000000e+00 0.000000000000000000e+00 0.000000000000000000e+00 6.019195682392207598e-03 0.000000000000000000e+00
3.450000000000000000e+02 9.944564449462255373e-01 0.000000000000000000e+00 0.000000000000000000e+00 0.000000000000000000e+00 0.000000000000000000e+00 0.000000000000000000e+00 5.543555053766698049e-03 0.000000000000000000e+00
3.475000000000000000e+02 9.951283039435376843e-01 0.000000000000000000e+00 0.000000000000000000e+00 0.000000000000000000e+00 0.000000000000000000e+00 0.000000000000000000e+00 4.871696056454189426e-03 0.000000000000000000e+00
3.500000000000000000e+02 9.956816616117698526e-01 0.000000000000000000e+00 0.000000000000000000e+00 0.000000000000000000e+00 0.000000000000000000e+00 0.000000000000000000e+00 4.318338388222167645e-03 0.000000000000000000e+00
3.525000000000000000e+02 9.958773752083281972e-01 0.000000000000000000e+00 0.000000000000000000e+00 0.000000000000000000e+00 0.000000000000000000e+00 0.000000000000000000e+00 4.122624791662861214e-03 0.000000000000000000e+00
3.550000000000000000e+02 9.957103421254442921e-01 0.000000000000000000e+00 0.000000000000000000e+00 0.000000000000000000e+00 0.000000000000000000e+00 0.000000000000000000e+00 4.289657874546886837e-03 0.000000000000000000e+00
3.575000000000000000e+02 9.954095403137824816e-01 0.000000000000000000e+00 0.000000000000000000e+00 0.000000000000000000e+00 0.000000000000000000e+00 0.000000000000000000e+00 4.590459686208668739e-03 0.000000000000000000e+00
3.600000000000000000e+02 9.952845773723312250e-01 0.000000000000000000e+00 0.000000000000000000e+00 0.000000000000000000e+00 0.000000000000000000e+00 0.000000000000000000e+00 4.715422627657559103e-03 0.000000000000000000e+00
3.625000000000000000e+02 9.955227929544245846e-01 0.000000000000000000e+00 0.000000000000000000e+00 0.000000000000000000e+00 0.000000000000000000e+00 0.000000000000000000e+00 4.477207045563755435e-03 0.000000000000000000e+00
3.650000000000000000e+02 9.960651324689386854e-01 0.000000000000000000e+00 0.000000000000000000e+00 0.000000000000000000e+00 0.000000000000000000e+00 0.000000000000000000e+00 3.934867531050410122e-03 0.000000000000000000e+00
3.675000000000000000e+02 9.966509483382257617e-01 0.000000000000000000e+00 0.000000000000000000e+00 0.000000000000000000e+00 0.000000000000000000e+00 0.000000000000000000e+00 3.349051661763655183e-03 0.000000000000000000e+00
3.700000000000000000e+02 9.969884064225620346e-01 0.000000000000000000e+00 0.000000000000000000e+00 0.000000000000000000e+00 0.000000000000000000e+00 0.000000000000000000e+00 3.011593577426964225e-03 0.000000000000000000e+00
3.725000000000000000e+02 9.969502889821976188e-01 0.000000000000000000e+00 0.000000000000000000e+00 0.000000000000000000e+00 0.000000000000000000e+00 0.000000000000000000e+00 3.049711017792036596e-03 0.000000000000000000e+00
3.750000000000000000e+02 9.966531385978586455e-01 0.000000000000000000e+00 0.000000000000000000e+00 0.000000000000000000e+00 0.000000000000000000e+00 0.000000000000000000e+00 3.346861402130422297e-03 0.000000000000000000e+00
3.775000000000000000e+02 9.963802880543451979e-01 0.000000000000000000e+00 0.000000000000000000e+00 0.000000000000000000e+00 0.000000000000000000e+00 0.000000000000000000e+00 3.619711945643808767e-03 0.000000000000000000e+00
3.800000000000000000e+02 9.963926023384389596e-01 0.000000000000000000e+00 0.000000000000000000e+00 0.000000000000000000e+00 0.000000000000000000e+00 0.000000000000000000e+00 3.607397661550821970e-03 0.000000000000000000e+00
3.825000000000000000e+02 9.967572914017731600e-01 0.000000000000000000e+00 0.000000000000000000e+00 0.000000000000000000e+00 0.000000000000000000e+00 0.000000000000000000e+00 3.242708598215584236e-03 0.000000000000000000e+00
3.850000000000000000e+02 9.973067913352375857e-01 0.000000000000000000e+00 0.000000000000000000e+00 0.000000000000000000e+00 0.000000000000000000e+00 0.000000000000000000e+00 2.693208664751749193e-03 0.000000000000000000e+00
3.875000000000000000e+02 9.977495887531077079e-01 0.000000000000000000e+00 0.000000000000000000e+00 0.000000000000000000e+00 0.000000000000000000e+00 0.000000000000000000e+00 2.250411246882102773e-03 0.000000000000000000e+00
3.900000000000000000e+02 9.978661374636897952e-01 0.000000000000000000e+00 0.000000000000000000e+00 0.000000000000000000e+00 0.000000000000000000e+00 0.000000000000000000e+00 2.133862536298171929e-03 0.000000000000000000e+00
3.925000000000000000e+02 9.976495714207729293e-01 0.000000000000000000e+00 0.000000000000000000e+00 0.000000000000000000e+00 0.000000000000000000e+00 0.000000000000000000e+00 2.350428579213732858e-03 0.000000000000000000e+00
3.950000000000000000e+02 9.973114409780939882e-01 0.000000000000000000e+00 0.000000000000000000e+00 0.000000000000000000e+00 0.000000000000000000e+00 0.000000000000000000e+00 2.688559021891609706e-03 0.000000000000000000e+00
3.975000000000000000e+02 9.971374306419055200e-01 0.000000000000000000e+00 0.000000000000000000e+00 0.000000000000000000e+00 0.000000000000000000e+00 0.000000000000000000e+00 2.862569358081054529e-03 0.000000000000000000e+00
4.000000000000000000e+02 9.973010687193949453e-01 0.000000000000000000e+00 0.000000000000000000e+00 0.000000000000000000e+00 0.000000000000000000e+00 0.000000000000000000e+00 2.698931280591808368e-03 0.000000000000000000e+00
4.025000000000000000e+02 9.977491402417425492e-01 0.000000000000000000e+00 0.000000000000000000e+00 0.000000000000000000e+00 0.000000000000000000e+00 0.000000000000000000e+00 2.250859758244257332e-03 0.000000000000000000e+00
4.050000000000000000e+02 9.982395162812505163e-01 0.000000000000000000e+00 0.000000000000000000e+00 0.000000000000000000e+00 0.000000000000000000e+00 0.000000000000000000e+00 1.760483718735062755e-03 0.000000000000000000e+00
4.075000000000000000e+02 9.985029537313894199e-01 0.000000000000000000e+00 0.000000000000000000e+00 0.000000000000000000e+00 0.000000000000000000e+00 0.000000000000000000e+00 1.497046268594956746e-03 0.000000000000000000e+00
4.100000000000000000e+02 9.984191695659363486e-01 0.000000000000000000e+00 0.000000000000000000e+00 0.000000000000000000e+00 0.000000000000000000e+00 0.000000000000000000e+00 1.580830434048289580e-03 0.000000000000000000e+00
4.125000000000000000e+02 9.980970338199044445e-01 0.000000000000000000e+00 0.000000000000000000e+00 0.000000000000000000e+00 0.000000000000000000e+00 0.000000000000000000e+00 1.902966180079165631e-03 0.000000000000000000e+00
4.150000000000000000e+02 9.977979643414610633e-01 0.000000000000000000e+00 0.000000000000000000e+00 0.000000000000000000e+00 0.000000000000000000e+00 0.000000000000000000e+00 2.202035658522685790e-03 0.000000000000000000e+00
4.175000000000000000e+02 9.977655717883637809e-01 0.000000000000000000e+00 0.000000000000000000e+00 0.000000000000000000e+00 0.000000000000000000e+00 0.000000000000000000e+00 2.234428211620663376e-03 0.000000000000000000e+00
4.200000000000000000e+02 9.980624989712132411e-01 0.000000000000000000e+00 0.000000000000000000e+00 0.000000000000000000e+00 0.000000000000000000e+00 0.000000000000000000e+00 1.937501028769251198e-03 0.000000000000000000e+00
4.225000000000000000e+02 9.985334132063919954e-01 0.000000000000000000e+00 0.000000000000000000e+00 0.000000000000000000e+00 0.000000000000000000e+00 0.000000000000000000e+00 1.466586793590518578e-03 0.000000000000000000e+00
4.250000000000000000e+02 9.989074795225643122e-01 0.000000000000000000e+00 0.000000000000000000e+00 0.000000000000000000e+00 0.000000000000000000e+00 0.000000000000000000e+00 1.092520477418265981e-03 0.000000000000000000e+00
4.275000000000000000e+02 9.989787109599856940e-01 0.000000000000000000e+00 0.000000000000000000e+00 0.000000000000000000e+00 0.000000000000000000e+00 0.000000000000000000e+00 1.021289039997241074e-03 0.000000000000000000e+00
4.300000000000000000e+02 9.987412010720744249e-01 0.000000000000000000e+00 0.000000000000000000e+00 0.000000000000000000e+00 0.000000000000000000e+00 0.000000000000000000e+00 1.258798927910431860e-03 0.000000000000000000e+00
4.325000000000000000e+02 9.983902534596675871e-01 0.000000000000000000e+00 0.000000000000000000e+00 0.000000000000000000e+00 0.000000000000000000e+00 0.000000000000000000e+00 1.609746540315469673e-03 0.000000000000000000e+00
4.350000000000000000e+02 9.981940031992592166e-01 0.000000000000000000e+00 0.000000000000000000e+00 0.000000000000000000e+00 0.000000000000000000e+00 0.000000000000000000e+00 1.805996800722976022e-03 0.000000000000000000e+00
4.375000000000000000e+02 9.983136711796819496e-01 0.000000000000000000e+00 0.000000000000000000e+00 0.000000000000000000e+00 0.000000000000000000e+00 0.000000000000000000e+00 1.686328820298625209e-03 0.000000000000000000e+00
4.400000000000000000e+02 9.987012467579192698e-01 0.000000000000000000e+00 0.000000000000000000e+00 0.000000000000000000e+00 0.000000000000000000e+00 0.000000000000000000e+00 1.298753242059640925e-03 0.000000000000000000e+00
